0
[]
1
[]
2
[]
3
[]
4
[]
5
[]
6
[]
7
[]
8
[]
-97
[98]
-96
[98]
-95
[98]
-94
[98]
-93
[98]
-92
[98]
-91
[98]
-90
[98]
-89
[98]
-88
[98]
-87
[98]
-86
[98]
-85
[98]
-84
[98]
-83
[98]
-82
[98]
-81
[98]
-80
[98]
-79
[98]
-78
[98]
-77
[98]
-76
[98]
-75
[98]
-74
[98]
-73
[98]
-72
[98]
-71
[98]
-70
[98]
-69
[98]
-68
[98]
-67
[98]
-66
[98]
-65
[98]
-64
[98]
-63
[98]
-62
[98]
-61
[98]
-60
[98]
-59
[98]
-58
[98]
-57
[98]
-56
[98]
-55
[98]
-54
[98]
-53
[98]
-52
[98]
-51
[98]
-50
[98]
-49
[98]
-48
[98]
-47
[98]
-46
[98]
-45
[98]
-44
[98]
-43
[98]
-42
[98]
-41
[98]
-40
[98]
-39
[98]
-38
[98]
-37
[98]
-36
[98]
-35
[98]
-34
[98]
-33
[98]
-32
[98]
-31
[98]
-30
[98]
-29
[98]
-28
[98]
-27
[98]
-26
[98]
-25
[98]
-24
[98]
-23
[98]
-22
[98]
-21
[98]
-20
[98]
-19
[98]
-18
[98]
-17
[98]
-16
[98]
-15
[98]
-14
[98]
-13
[98]
-12
[98]
-11
[98]
-10
[98]
-9
[98]
-8
[98]
-7
[98]
-6
[98]
-5
[98]
-4
[98]
-3
[98]
-2
[98]
-1
[98]
0
[98]
1
[98]
2
[98]
3
[98]
4
[98]
5
[98]
6
[98]
7
[98]
8
[98]
-438
[98, 439]
-437
[98, 439]
-436
[98, 439]
-435
[98, 439]
-434
[98, 439]
-433
[98, 439]
-432
[98, 439]
-431
[98, 439]
-430
[98, 439]
-429
[98, 439]
-428
[98, 439]
-427
[98, 439]
-426
[98, 439]
-425
[98, 439]
-424
[98, 439]
-423
[98, 439]
-422
[98, 439]
-421
[98, 439]
-420
[98, 439]
-419
[98, 439]
-418
[98, 439]
-417
[98, 439]
-416
[98, 439]
-415
[98, 439]
-414
[98, 439]
-413
[98, 439]
-412
[98, 439]
-411
[98, 439]
-410
[98, 439]
-409
[98, 439]
-408
[98, 439]
-407
[98, 439]
-406
[98, 439]
-405
[98, 439]
-404
[98, 439]
-403
[98, 439]
-402
[98, 439]
-401
[98, 439]
-400
[98, 439]
-399
[98, 439]
-398
[98, 439]
-397
[98, 439]
-396
[98, 439]
-395
[98, 439]
-394
[98, 439]
-393
[98, 439]
-392
[98, 439]
-391
[98, 439]
-390
[98, 439]
-389
[98, 439]
-388
[98, 439]
-387
[98, 439]
-386
[98, 439]
-385
[98, 439]
-384
[98, 439]
-383
[98, 439]
-382
[98, 439]
-381
[98, 439]
-380
[98, 439]
-379
[98, 439]
-378
[98, 439]
-377
[98, 439]
-376
[98, 439]
-375
[98, 439]
-374
[98, 439]
-373
[98, 439]
-372
[98, 439]
-371
[98, 439]
-370
[98, 439]
-369
[98, 439]
-368
[98, 439]
-367
[98, 439]
-366
[98, 439]
-365
[98, 439]
-364
[98, 439]
-363
[98, 439]
-362
[98, 439]
-361
[98, 439]
-360
[98, 439]
-359
[98, 439]
-358
[98, 439]
-357
[98, 439]
-356
[98, 439]
-355
[98, 439]
-354
[98, 439]
-353
[98, 439]
-352
[98, 439]
-351
[98, 439]
-350
[98, 439]
-349
[98, 439]
-348
[98, 439]
-347
[98, 439]
-346
[98, 439]
-345
[98, 439]
-344
[98, 439]
-343
[98, 439]
-342
[98, 439]
-341
[98, 439]
-340
[98, 439]
-339
[98, 439]
-338
[98, 439]
-337
[98, 439]
-336
[98, 439]
-335
[98, 439]
-334
[98, 439]
-333
[98, 439]
-332
[98, 439]
-331
[98, 439]
-330
[98, 439]
-329
[98, 439]
-328
[98, 439]
-327
[98, 439]
-326
[98, 439]

data:
00 00 00 00 00 00 00 00 00 00 00 00 08 00 45 00 
00 54 cd 04 40 00 40 01 6f a2 7f 00 00 01 7f 00 
00 01 08 00 49 80 00 01 00 01 68 35 ba 60 00 00 
00 00 cb 14 02 00 00 00 00 00 10 11 12 13 14 15 
16 17 18 19 1a 1b 1c 1d 1e 1f 20 21 22 23 24 25 
26 27 28 29 2a 2b 2c 2d 2e 2f 30 31 32 33 34 35 
36 37 
data:
62 00 00 00 62 00 00 00 00 00 00 00 00 00 00 00 
00 00 00 00 08 00 45 00 00 54 cd 05 00 00 40 01 
af a1 7f 00 00 01 7f 00 00 01 00 00 51 80 00 01 
00 01 68 35 ba 60 00 00 00 00 cb 14 02 00 00 00 
00 00 10 11 12 13 14 15 16 17 18 19 1a 1b 1c 1d 
1e 1f 20 21 22 23 24 25 26 27 28 29 2a 2b 2c 2d 
2e 2f 30 31 32 33 34 35 36 37 
